1 5 3
2 5 8
3 2 2
4 4 8
5 2 5
6 2 8
7 3 9

26 4 2
27 1 1
28 3 8
29 2 6
30 5 2
31 2 9
32 3 8
33 4 8
34 4 7
35 2 3
36 5 2
37 1 8
38 3 5
39 2 3
40 4 7
41 3 9
42 3 1
43 2 1
44 4 6
45 1 5
46 1 4
47 5 9
48 3 6
49 3 10
50 5 7
51 1 8
52 2 8
53 3 7
54 3 3
55 2 4
56 1 6
57 3 3
58 3 9
59 4 9
60 5 9
61 1 3
62 3 3
63 3 8
64 5 4
65 3 2
66 3 10
67 1 3
68 4 10
69 4 4
70 4 4
71 5 6
72 1 2
73 2 8
74 3 4
75 1 6
76 3 2
77 2 8
78 2 7
79 5 10
80 5 2
81 5 9
82 3 3
83 4 5
84 1 5
85 5 3
86 1 6
87 2 9
88 5 2
89 2 9
90 1 4
91 1 10
92 2 1
93 3 4
94 1 1
95 1 2
96 5 5
97 1 5
98 5 7
99 3 10
100 5 3

LIMPIO