1 5 7
2 3 8
3 2 9
4 3 1
5 1 4
6 2 5
7 3 5
8 1 3
9 5 3
10 1 5
11 5 3
12 2 10
13 3 10
14 4 2
15 4 1
16 2 6
17 5 3
18 4 9
19 4 10
20 3 1
21 1 7
22 2 2
23 3 6
24 3 1
25 1 9
26 2 8
27 4 6
28 2 4
29 4 6
30 1 7
31 2 8
32 4 4
33 5 6
34 3 4
35 1 5
36 4 4
37 3 10
38 2 6
39 2 7
40 1 1
41 5 1
42 4 2
43 2 5
44 4 3
45 2 9
46 5 5
47 4 8
48 1 3
49 1 5
50 4 4

1 2 3 4 5 6 7 8 9 10 11 12 13 14 15 16 17 18 19 20 21 22 23 24 25 26 27 28 29 30 31 32 33 34 35 36 37 38 39 40 41 42 43 44 45 46 47 48 49 50 
pesos
[5,3,2,3,1,2,3,1,5,1,5,2,3,4,4,2,5,4,4,3,1,2,3,3,1,2,4,2,4,1,2,4,5,3,1,4,3,2,2,1,5,4,2,4,2,5,4,1,1,4,
beneficio
[7,8,9,1,4,5,5,3,3,5,3,10,10,2,1,6,3,9,10,1,7,2,6,1,9,8,6,4,6,7,8,4,6,4,5,4,10,6,7,1,1,2,5,3,9,5,8,3,5,4,